==============================
===  File for the Printer ====
==============================
ActionId, ResponseRequired, ActionType, IAC, Line1, Town, Postcode
	1, testActionType, testIac, 1 High Street, Southampton, SO16 0AS
	2, testActionType, testIac, 1 High Street, Southampton, SO16 0AS
	3, testActionType, testIac, 1 High Street, Southampton, SO16 0AS
	4, testActionType, testIac, 1 High Street, Southampton, SO16 0AS
	5, testActionType, testIac, 1 High Street, Southampton, SO16 0AS
	6, testActionType, testIac, 1 High Street, Southampton, SO16 0AS
	7, testActionType, testIac, 1 High Street, Southampton, SO16 0AS
	8, testActionType, testIac, 1 High Street, Southampton, SO16 0AS
	9, testActionType, testIac, 1 High Street, Southampton, SO16 0AS
	10, testActionType, testIac, 1 High Street, Southampton, SO16 0AS
	11, testActionType, testIac, 1 High Street, Southampton, SO16 0AS
	12, testActionType, testIac, 1 High Street, Southampton, SO16 0AS
	13, testActionType, testIac, 1 High Street, Southampton, SO16 0AS
	14, testActionType, testIac, 1 High Street, Southampton, SO16 0AS
	15, testActionType, testIac, 1 High Street, Southampton, SO16 0AS
	16, testActionType, testIac, 1 High Street, Southampton, SO16 0AS
	17, testActionType, testIac, 1 High Street, Southampton, SO16 0AS
	18, testActionType, testIac, 1 High Street, Southampton, SO16 0AS
	19, testActionType, testIac, 1 High Street, Southampton, SO16 0AS
	20, testActionType, testIac, 1 High Street, Southampton, SO16 0AS
	21, testActionType, testIac, 1 High Street, Southampton, SO16 0AS
	22, testActionType, testIac, 1 High Street, Southampton, SO16 0AS
	23, testActionType, testIac, 1 High Street, Southampton, SO16 0AS
	24, testActionType, testIac, 1 High Street, Southampton, SO16 0AS
	25, testActionType, testIac, 1 High Street, Southampton, SO16 0AS
	26, testActionType, testIac, 1 High Street, Southampton, SO16 0AS
	27, testActionType, testIac, 1 High Street, Southampton, SO16 0AS
	28, testActionType, testIac, 1 High Street, Southampton, SO16 0AS
	29, testActionType, testIac, 1 High Street, Southampton, SO16 0AS
	30, testActionType, testIac, 1 High Street, Southampton, SO16 0AS
	31, testActionType, testIac, 1 High Street, Southampton, SO16 0AS
	32, testActionType, testIac, 1 High Street, Southampton, SO16 0AS
	33, testActionType, testIac, 1 High Street, Southampton, SO16 0AS
	34, testActionType, testIac, 1 High Street, Southampton, SO16 0AS
	35, testActionType, testIac, 1 High Street, Southampton, SO16 0AS
	36, testActionType, testIac, 1 High Street, Southampton, SO16 0AS
	37, testActionType, testIac, 1 High Street, Southampton, SO16 0AS
	38, testActionType, testIac, 1 High Street, Southampton, SO16 0AS
	39, testActionType, testIac, 1 High Street, Southampton, SO16 0AS
	40, testActionType, testIac, 1 High Street, Southampton, SO16 0AS
	41, testActionType, testIac, 1 High Street, Southampton, SO16 0AS
	42, testActionType, testIac, 1 High Street, Southampton, SO16 0AS
	43, testActionType, testIac, 1 High Street, Southampton, SO16 0AS
	44, testActionType, testIac, 1 High Street, Southampton, SO16 0AS
	45, testActionType, testIac, 1 High Street, Southampton, SO16 0AS
	46, testActionType, testIac, 1 High Street, Southampton, SO16 0AS
	47, testActionType, testIac, 1 High Street, Southampton, SO16 0AS
	48, testActionType, testIac, 1 High Street, Southampton, SO16 0AS
	49, testActionType, testIac, 1 High Street, Southampton, SO16 0AS
	50, testActionType, testIac, 1 High Street, Southampton, SO16 0AS
